  
32  
  
36  
  
40  
  
44  
  
48  
  
52  
  
56  
  
60  
  
64  
  
68  
  
72  
  
76  
  
80  
  
84  
  
88  
  
92  
12 4 
16 4 
20 4 
24 4 
28 4 
96 4 
104 4 
108 4 
112 4 
116 4 
120 4 
124 4 
128 4 
132 4 
136 4 
140 4 
144 4 
148 4 
152 4 
156 4 
160 4 
164 4 
168 4 
172 4 
180 4 
184 4 
188 4 
192 4 
196 4 
200 4 
204 4 
208 4 
212 4 
216 4 
220 4 
244 4 
248 4 
256 4 
260 4 
264 4 
268 4 
272 4 
276 4 
280 4 
284 4 
288 4 
292 4 
296 4 
300 4 
304 4 
308 4 
316 4 
320 4 
324 4 
328 4 
336 4 
340 4 
344 4 
348 4 
412 4 
444 4 
448 4 
452 4 
456 4 
460 4 
464 4 
480 4 
484 4 
488 4 
492 4 
496 4 
500 4 
504 4 
508 4 
512 4 
516 4 
520 4 
524 4 
528 4 
532 4 
536 4 
540 4 
544 4 
548 4 
560 4 
564 4 
568 4 
572 4 
576 4 
580 4 
592 4 
596 4 
600 4 
604 4 
608 4 
616 4 
620 4 
624 4 
628 4 
632 4 
636 4 
640 4 
644 4 
648 4 
652 4 
656 4 
660 4 
664 4 
668 4 
672 4 
676 4 
680 4 
684 4 
688 4 
692 4 
696 4 
700 4 
704 4 
708 4 
712 4 
716 4 
720 4 
724 4 
728 4 
732 4 
736 4 
744 4 
748 4 
760 4 
764 4 
768 4 
788 4 
792 4 
796 4 
800 4 
804 4 
808 4 
812 4 
816 4 
820 4 
824 4 
828 4 
856 4 
860 4 
864 4 
868 4 
940 4 
944 4 
948 4 
952 4 
956 4 
960 4 
964 4 
968 4 
972 4 
976 4 
980 4 
984 4 
988 4 
992 4 
996 4 
1000 4 
1004 4 
1008 4 
1012 4 
1016 4 
1020 4 
224 4 
476 4 
588 4 
872 4 
876 4 
880 4 
844 4 
848 4 
904 4 
8 4 
1044 4 
1052 4 
1056 4 
1060 4 
1064 4 
1068 4 
1072 4 
1076 4 
1164 4 
1568 4 
2808 4 
3024 4 
3312 4 
3964 4 
3968 4 
3972 4 
3272 4 
4560 4 
4632 4 
5272 4 
5940 4 
5944 4 
5948 4 
5952 4 
5956 4 
5960 4 
6432 4 
13120 4 
2856 4 
21480 4 
17872 4 
19164 4 
22860 4 
26452 4 
26456 4 
23192 4 
18744 4 
28240 4 
13024 4 
10280 4 
27412 4 
29792 4 
15432 4 
8808 4 
12928 4 
28732 4 
6912 4 
3752 4 
12692 4 
29068 4 
22936 4 
26956 4 
24168 4 
22404 4 
29660 4 
24520 4 
24936 4 
32280 4 
33664 4 
25968 4 
29568 4 
20280 4 
13716 4 
32804 4 
29656 4 
25960 4 
10156 4 
10884 4 
11072 4 
32680 4 
24280 4 
19940 4 
29312 4 
32368 4 
33136 4 
10412 4 
30360 4 
7112 4 
31916 4 
13960 4 
29640 4 
31764 4 
1876 4 
6904 4 
24288 4 
23504 4 
13504 4 
15388 4 
1764 4 
28064 4 
32384 4 
14280 4 
21988 4 
23772 4 
236 228 
908 228 
912 228 
916 228 
756 752 
836 752 
1036 840 
1080 840 
1088 840 
1092 840 
1096 840 
1156 840 
1172 840 
1176 840 
1328 840 
1648 840 
2124 840 
4636 840 
4692 840 
4708 840 
4732 840 
4736 840 
4772 840 
1116 1112 
1280 1112 
1136 1120 
1184 1120 
1188 1120 
1196 1120 
1200 1120 
1208 1120 
1240 1120 
1252 1120 
1256 1120 
1668 1120 
1716 1120 
1720 1120 
8332 1120 
10080 1120 
17608 1120 
27576 1120 
1216 1212 
1692 1212 
6528 1212 
1376 1232 
1556 1232 
2784 1232 
16404 1232 
3716 1232 
13200 1232 
31368 1232 
1300 1284 
1312 1284 
1316 1284 
1324 1284 
1332 1284 
11688 1284 
29060 1284 
30732 1284 
25880 1284 
1408 1404 
1576 1404 
1684 1404 
8804 1404 
9504 1404 
10648 1404 
440 1404 
31232 1404 
26964 1404 
32204 1404 
12592 1404 
31768 1404 
20540 1404 
24376 1404 
28976 1404 
7628 1404 
25904 1404 
28520 1404 
23372 1404 
30344 1404 
31752 1404 
30212 1404 
1436 1432 
1460 1432 
1464 1432 
1468 1432 
1472 1432 
1444 1440 
1508 1440 
1512 1440 
1516 1440 
1520 1440 
1492 1488 
1536 1488 
1540 1488 
1548 1488 
1592 1488 
3528 1488 
20508 1488 
25520 1488 
9952 1488 
25496 1488 
240 1488 
10980 1488 
1584 1580 
1600 1580 
1608 1580 
19712 1580 
6516 1580 
33584 1580 
7308 1580 
4912 1580 
8056 1580 
27508 1580 
32480 1580 
29692 1580 
29472 1580 
1628 1624 
1660 1624 
26548 1624 
31592 1624 
26732 1624 
1712 1708 
1896 1708 
1920 1708 
1696 1708 
1948 1708 
1992 1708 
1976 1708 
2324 1708 
2428 1708 
2944 1708 
3008 1708 
3064 1708 
16320 1708 
29348 1708 
25488 1708 
33164 1708 
29244 1708 
28400 1708 
30608 1708 
4952 1708 
21596 1708 
33032 1708 
1820 1816 
1676 1816 
17056 1816 
20284 1816 
23776 1816 
1848 1844 
892 1844 
1856 1852 
2036 1852 
1296 1852 
10204 1852 
14680 1852 
1884 1880 
1996 1880 
1180 1880 
2260 1880 
2356 1880 
2416 1880 
31244 1880 
27016 1880 
20008 1880 
28168 1880 
1956 1952 
1048 1952 
2004 2000 
3060 2000 
4128 2000 
4140 2000 
31424 2000 
31464 2000 
27744 2000 
1352 920 
2072 920 
2208 920 
2256 920 
3364 920 
22096 920 
18160 920 
29556 920 
30664 920 
31372 920 
2108 2104 
4116 2104 
4132 2104 
20332 2104 
29576 2104 
2120 2116 
2204 2116 
2132 2128 
8344 2128 
2196 2192 
2276 2192 
2444 2192 
24396 2192 
32856 2192 
5112 2192 
1752 2192 
2272 2268 
2388 2268 
2660 2268 
2284 2280 
2412 2280 
2516 2280 
18932 2280 
18624 2280 
4164 2280 
2296 2292 
2572 2292 
2580 2292 
2584 2292 
2588 2292 
2692 2292 
2704 2292 
3276 2292 
3280 2292 
3316 2292 
2368 2364 
2500 2364 
2524 2364 
2548 2364 
22888 2364 
2384 2380 
2828 2380 
2832 2380 
3040 2380 
3084 2380 
4120 2380 
1552 2380 
10836 2380 
4884 2380 
20592 2380 
31376 2380 
25128 2380 
22916 2380 
23188 2380 
23796 2380 
25608 2380 
2536 2532 
32068 2532 
32776 2532 
2556 2552 
2604 2600 
2840 2600 
2992 2600 
2996 2600 
3028 2600 
21888 2600 
22196 2600 
27916 2600 
32732 2600 
32892 2600 
25948 2600 
2792 2788 
11916 2788 
2928 2924 
22348 2924 
2916 2712 
3236 2712 
3340 2712 
3344 2712 
3360 2712 
14940 2712 
3136 3132 
3348 3132 
6040 3132 
7460 3132 
23900 3132 
15980 3132 
19880 3132 
30072 3132 
3144 3140 
3240 3140 
25272 3140 
27608 3140 
3164 3160 
3248 3160 
15952 3160 
3300 3296 
3320 3296 
3324 3296 
3328 3296 
3332 3296 
9692 3296 
9668 3296 
9612 3296 
9608 3296 
9652 3296 
9628 3296 
9716 3296 
9772 3296 
7196 3296 
9796 3296 
8568 3296 
10356 3296 
22476 3296 
22472 3296 
22468 3296 
22424 3296 
1152 3296 
3732 3296 
21836 3296 
21760 3296 
5980 3296 
18368 3296 
22352 3296 
7676 3296 
23104 3296 
14792 3296 
19108 3296 
9524 3296 
31024 3296 
3376 3372 
20716 3372 
3404 3400 
3484 3400 
3488 3400 
7236 3400 
8724 3400 
21452 3400 
22356 3400 
33036 3400 
32700 3400 
3412 3408 
3476 3408 
3420 3416 
28916 3416 
28700 3416 
27788 3416 
30572 3416 
30116 3416 
3512 3508 
3572 3508 
3592 3508 
3608 3508 
9300 3508 
11716 3508 
5096 3508 
30952 3508 
13304 3508 
3548 3544 
3640 3544 
11944 3544 
28228 3544 
3648 3644 
11576 3644 
32392 3644 
3812 3808 
2756 3808 
3960 3808 
3944 3808 
4148 3808 
4200 3808 
6060 3808 
4396 3808 
26768 3808 
10024 3808 
5988 3808 
21860 3808 
16348 3808 
3836 3832 
3912 3832 
20908 3832 
3844 3840 
3916 3840 
3920 3840 
6164 3840 
6168 3840 
6180 3840 
6184 3840 
6188 3840 
6788 3840 
6796 3840 
6800 3840 
6804 3840 
3980 3976 
3996 3976 
3052 3976 
8052 3976 
8760 3976 
8876 3976 
13956 3976 
4092 4088 
3536 4088 
4296 4088 
4504 4088 
5064 4088 
5280 4088 
5300 4088 
6108 4088 
5552 4088 
5668 4088 
7860 4088 
21688 4088 
16808 4088 
2920 3532 
4112 3532 
4188 3532 
5996 3532 
14692 3532 
4208 4204 
4228 4212 
4236 4212 
4436 4432 
5396 4432 
5828 4432 
10500 4432 
4464 4460 
5984 4460 
6768 4460 
6772 4460 
6776 4460 
6816 4460 
4476 4472 
5132 4472 
5148 4472 
5256 4472 
5260 4472 
5268 4472 
10072 4472 
4484 4480 
5376 4480 
5764 4480 
9892 4480 
4492 4488 
20212 4488 
16420 4488 
11808 4488 
25556 4488 
22848 4488 
30192 4488 
4660 4488 
4500 4496 
8008 4496 
7692 4496 
3636 4496 
8076 4496 
1704 4496 
4468 4496 
8596 4496 
15556 4496 
5632 4496 
4516 4512 
5908 4512 
6396 4512 
6400 4512 
6552 4512 
6556 4512 
6700 4512 
6704 4512 
19992 4512 
4524 4520 
5176 4520 
5276 4520 
12136 4520 
4532 4528 
5180 4528 
5572 4528 
5676 4528 
8016 4528 
8036 4528 
8044 4528 
8136 4528 
9724 4528 
9196 4528 
32176 4528 
28512 4528 
32512 4528 
30808 4528 
25448 4528 
28476 4528 
10948 4528 
2528 4528 
4540 4536 
5288 4536 
4548 4544 
5680 4544 
4556 4552 
5824 4552 
5876 4552 
5976 4552 
2640 4552 
18448 4552 
1652 4552 
32256 4552 
32660 4552 
29924 4552 
4568 4564 
5160 4564 
5880 4564 
6116 4564 
6120 4564 
6124 4564 
6128 4564 
6132 4564 
6136 4564 
6140 4564 
5172 4564 
5208 4564 
5200 4564 
5060 4564 
5404 4564 
5244 4564 
6256 4564 
6264 4564 
6268 4564 
6272 4564 
6276 4564 
6280 4564 
6284 4564 
6288 4564 
6296 4564 
6300 4564 
6304 4564 
6308 4564 
6312 4564 
6316 4564 
6348 4564 
6352 4564 
6368 4564 
6372 4564 
6564 4564 
6580 4564 
6584 4564 
6588 4564 
6596 4564 
6600 4564 
6604 4564 
6608 4564 
6612 4564 
6616 4564 
6620 4564 
6624 4564 
6628 4564 
6632 4564 
6636 4564 
6640 4564 
6644 4564 
6648 4564 
6652 4564 
6752 4564 
6756 4564 
6820 4564 
6828 4564 
6832 4564 
6836 4564 
6840 4564 
6844 4564 
6848 4564 
6852 4564 
6856 4564 
6860 4564 
6864 4564 
6868 4564 
6872 4564 
6992 4564 
6996 4564 
7000 4564 
7004 4564 
7008 4564 
7012 4564 
7016 4564 
7020 4564 
7024 4564 
7028 4564 
7032 4564 
7036 4564 
7040 4564 
7056 4564 
7060 4564 
7072 4564 
7092 4564 
7096 4564 
7100 4564 
4048 4564 
4044 4564 
6560 4564 
5136 4564 
6572 4564 
6540 4564 
6536 4564 
6732 4564 
6812 4564 
6792 4564 
7080 4564 
7076 4564 
7084 4564 
7088 4564 
6340 4564 
3828 4564 
4052 4564 
7188 4564 
7488 4564 
13444 4564 
13448 4564 
13524 4564 
13528 4564 
15424 4564 
15428 4564 
8320 4564 
15240 4564 
3856 4564 
13624 4564 
14600 4564 
23200 4564 
28948 4564 
31716 4564 
20848 4564 
4576 4572 
5924 4572 
7508 4572 
9932 4572 
8644 4572 
8524 4572 
8548 4572 
4584 4580 
5620 4580 
5656 4580 
5444 4580 
6376 4580 
12600 4580 
4592 4588 
5296 4588 
5532 4588 
5536 4588 
5576 4588 
5580 4588 
5584 4588 
5588 4588 
5600 4588 
4600 4596 
5392 4596 
5400 4596 
5508 4596 
5628 4596 
5624 4596 
6260 4596 
6468 4596 
6524 4596 
6656 4596 
6672 4596 
6708 4596 
6712 4596 
6728 4596 
6940 4596 
6952 4596 
6956 4596 
4608 4604 
5284 4604 
18716 4604 
18948 4604 
4616 4612 
5048 4612 
11180 4612 
26172 4612 
26188 4612 
26192 4612 
26248 4612 
26252 4612 
4624 4620 
5204 4620 
5212 4620 
5216 4620 
5220 4620 
5228 4620 
5856 4620 
5864 4620 
4448 4620 
14156 4620 
14220 4620 
14224 4620 
14228 4620 
14232 4620 
14236 4620 
14240 4620 
14244 4620 
4644 4640 
6000 4640 
6220 4640 
6224 4640 
6228 4640 
6356 4640 
6360 4640 
6364 4640 
6380 4640 
6388 4640 
6392 4640 
6408 4640 
6412 4640 
6444 4640 
6452 4640 
6456 4640 
10888 4640 
14468 4640 
388 4640 
21768 4640 
21772 4640 
23464 4640 
23304 4640 
9568 4640 
20836 4640 
11920 4640 
3576 4640 
15904 4640 
8168 4640 
11312 4640 
4680 4676 
5184 4676 
6320 4676 
6492 4676 
6496 4676 
6460 4676 
7164 4676 
8184 4676 
13124 4676 
19124 4676 
25844 4676 
5308 4676 
33128 4676 
18504 4676 
12044 4676 
3600 4676 
24156 4676 
24252 4676 
4688 4684 
5640 4684 
5648 4684 
6416 4684 
7664 4684 
5440 4684 
28420 4684 
17352 4684 
20944 4684 
4700 4696 
6064 4696 
6088 4696 
8268 4696 
12176 4696 
13096 4696 
13100 4696 
13104 4696 
13108 4696 
13112 4696 
13116 4696 
13128 4696 
13132 4696 
13136 4696 
13212 4696 
13308 4696 
7800 4696 
13580 4696 
13476 4696 
13436 4696 
11240 4696 
17284 4696 
7248 4696 
22772 4696 
16192 4696 
21964 4696 
10576 4696 
1804 4696 
18664 4696 
9248 4696 
25180 4696 
25188 4696 
25220 4696 
33596 4696 
18960 4696 
30416 4696 
15460 4696 
25892 4696 
26920 4696 
17288 4696 
21648 4696 
19368 4696 
8048 4696 
4716 4712 
5312 4712 
12284 4712 
7656 4712 
1428 4712 
22524 4712 
26604 4712 
4748 4744 
6052 4744 
6056 4744 
7608 4744 
7620 4744 
7716 4744 
7756 4744 
12828 4744 
12832 4744 
15676 4744 
22940 4744 
29292 4744 
16560 4744 
4756 4752 
5472 4752 
4768 4764 
5496 4764 
5500 4764 
4788 4784 
5796 4784 
4796 4792 
5424 4792 
5452 4792 
9872 4792 
4820 4816 
5644 4816 
5696 4816 
5700 4816 
5704 4816 
5708 4816 
5712 4816 
5716 4816 
5720 4816 
5724 4816 
5728 4816 
5732 4816 
5736 4816 
5740 4816 
5744 4816 
5748 4816 
5752 4816 
5756 4816 
5760 4816 
7512 4816 
4388 4816 
4344 4816 
4376 4816 
4336 4816 
4444 4816 
4340 4816 
4452 4816 
4456 4816 
4304 4816 
4416 4816 
4828 4824 
5432 4824 
5456 4824 
12200 4824 
4840 4836 
5664 4836 
5672 4836 
12272 4836 
11432 4836 
12396 4836 
12612 4836 
9420 4836 
5016 5012 
5372 5012 
5844 5012 
5852 5012 
6664 6660 
11644 6660 
6892 6888 
6976 6888 
7264 6888 
7292 6888 
7296 6888 
7312 6888 
6948 6944 
6344 6944 
7208 6944 
25572 6944 
9812 6944 
31684 6944 
27836 6944 
436 6944 
29676 6944 
7572 7568 
7604 7568 
7652 7568 
7688 7568 
7704 7568 
7720 7568 
27692 7568 
29172 7568 
7424 6036 
7780 6036 
7988 6036 
7960 6036 
7948 6036 
7468 6036 
12304 6036 
27276 6036 
8080 8088 
7864 8088 
8040 8088 
7944 8088 
7968 8088 
8004 8088 
8012 8088 
7644 8088 
8144 8148 
7224 8148 
8348 8148 
8352 8148 
8356 8148 
8364 8148 
8372 8148 
8376 8148 
8380 8148 
8404 8148 
8408 8148 
8412 8148 
8416 8148 
8420 8148 
8424 8148 
8428 8148 
8432 8148 
8436 8148 
8440 8148 
8448 8148 
8452 8148 
8828 8148 
8884 8148 
8888 8148 
8892 8148 
8896 8148 
8900 8148 
8904 8148 
8912 8148 
8916 8148 
8924 8148 
8928 8148 
8932 8148 
8936 8148 
8940 8148 
8944 8148 
8948 8148 
8952 8148 
8956 8148 
8960 8148 
8964 8148 
8968 8148 
13456 8148 
13460 8148 
13508 8148 
13512 8148 
13516 8148 
13520 8148 
2400 8148 
30064 8148 
8024 7584 
8280 7584 
8732 7584 
8744 7584 
7220 7584 
9660 7584 
11516 7584 
2820 7584 
5196 7584 
15212 7584 
23948 7584 
12760 7584 
2964 7584 
3468 8100 
8456 8100 
9204 8100 
10564 8100 
10592 8100 
14904 8100 
19088 8100 
32704 8100 
29320 8100 
26124 8100 
28824 8100 
30284 8100 
8296 8292 
8648 8292 
7764 8292 
28772 8292 
1836 8292 
2468 8292 
29488 8292 
29000 8292 
8468 8464 
3676 8464 
14044 8464 
8520 8516 
8636 8516 
8736 8516 
9000 8516 
9920 8516 
10216 8516 
21732 8516 
22740 8516 
28424 8516 
26408 8516 
28164 8516 
8620 8616 
8920 8616 
8484 8616 
33772 8616 
30028 8616 
10792 8616 
4940 8616 
9240 8616 
9540 8616 
8240 8388 
9384 8388 
9396 8388 
9500 8388 
9552 8388 
9580 8388 
9804 8388 
9824 8388 
9840 8388 
9860 8388 
9912 8388 
9944 8388 
10044 8388 
10052 8388 
10056 8388 
10060 8388 
10100 8388 
9200 8388 
9224 8388 
9296 8388 
8200 8388 
9516 8388 
10824 8388 
10608 8388 
10572 8388 
10536 8388 
8600 8388 
11284 8388 
11536 8388 
11540 8388 
11544 8388 
11556 8388 
11740 8388 
11744 8388 
11748 8388 
11752 8388 
11792 8388 
11796 8388 
11968 8388 
18256 8388 
17792 8388 
14984 8388 
15100 8388 
18820 8388 
3168 8388 
20056 8388 
2940 8388 
7964 8388 
21556 8388 
20672 8388 
9164 8388 
2508 8388 
1964 8388 
12236 8388 
16240 8388 
5808 8388 
12108 8388 
16016 8388 
30180 8388 
10864 8388 
31440 8388 
25096 8388 
32624 8388 
17356 8388 
22776 8388 
29912 8388 
32988 8388 
14992 8388 
32780 8388 
28404 8388 
33080 8388 
16200 8388 
12864 8388 
33328 8388 
14048 8388 
23232 8388 
16280 8388 
4064 8388 
30412 8388 
27372 8388 
23216 8388 
22944 8388 
21436 8388 
13908 8388 
21928 8388 
23812 8388 
13420 8388 
15092 8388 
11004 8388 
10264 8388 
20524 8388 
4872 8388 
24944 8388 
22108 8388 
25944 8388 
24516 8388 
28340 8388 
22368 8388 
4808 8388 
20404 8388 
16152 8388 
12164 8388 
26608 8388 
33580 8388 
28184 8388 
5784 8388 
32276 8388 
25428 8388 
28708 8388 
8812 8816 
8756 8816 
9056 8816 
8800 8816 
5896 8816 
25568 8816 
25708 8816 
26644 8816 
25656 8816 
28812 8816 
25784 8816 
33340 8816 
9604 9600 
9712 9600 
9792 9600 
12076 9600 
8152 9600 
28820 9600 
2352 9600 
10716 9600 
20964 9600 
28416 9600 
9732 9728 
9664 9656 
9964 9656 
9972 9656 
10092 9656 
10120 9656 
10228 9656 
9364 9656 
9404 9656 
9704 9656 
10324 9656 
10460 9656 
10928 9656 
10940 9656 
11184 9656 
11188 9656 
11192 9656 
11196 9656 
11200 9656 
11204 9656 
11216 9656 
10644 9656 
10724 9656 
10720 9656 
10740 9656 
10512 9656 
8288 9656 
8276 9656 
7760 9656 
6440 9656 
8064 9656 
8176 9656 
10612 9656 
10544 9656 
5368 9656 
11020 9656 
8780 9656 
10360 9656 
9440 9656 
11640 9656 
12104 9656 
12260 9656 
12264 9656 
11308 9656 
11500 9656 
7684 9656 
22680 9656 
364 9656 
2464 9656 
9016 9656 
20400 9656 
12144 9656 
13244 9656 
15792 9656 
22976 9656 
19380 9656 
10784 9656 
28156 9656 
30148 9656 
26588 9656 
20664 9656 
30728 9656 
28724 9656 
25336 9656 
31460 9656 
33268 9656 
11272 9656 
9776 9708 
9888 9708 
10032 9708 
9520 9708 
10852 9708 
10428 9708 
11344 9708 
11524 9708 
11712 9708 
32748 9708 
18376 9708 
556 9708 
15684 9708 
31968 9708 
10048 10020 
9644 10020 
9532 10020 
1872 10020 
13656 10020 
2460 10020 
31524 10020 
26792 10020 
32472 10020 
10140 10084 
10352 10084 
3176 10084 
9376 9448 
8272 9448 
10636 9448 
7820 9448 
7416 9448 
10620 9448 
10688 9448 
10616 9448 
3388 9448 
24836 9448 
14856 9448 
23060 9448 
26044 9448 
28944 9448 
18308 9448 
17988 9448 
6156 5340 
26988 5340 
10376 10372 
26212 10372 
20600 10372 
31120 10372 
23932 10372 
10604 10600 
10660 10600 
12344 10600 
29304 10600 
11124 11120 
9176 11120 
10252 11120 
11144 11140 
9168 11140 
8460 11140 
9676 8836 
10248 8836 
9864 8836 
10028 8836 
5460 8836 
10104 8836 
10316 8836 
11268 8564 
11336 8564 
11360 8564 
11372 8564 
11548 8564 
11884 8564 
11892 8564 
11948 8564 
5408 8564 
15916 8564 
11052 8564 
1732 8564 
2836 8564 
9528 8564 
18776 8564 
4892 8564 
9868 8564 
21816 8564 
24192 8564 
26480 8564 
31220 8564 
20032 8564 
31216 8564 
22932 8564 
24320 8564 
3452 8564 
11596 11592 
11812 11592 
15540 11592 
7548 11592 
11936 11932 
11976 11932 
11984 11932 
11988 11932 
11992 11932 
11996 11932 
12000 11932 
12004 11932 
12008 11932 
12012 11932 
12040 11932 
32968 11932 
12896 11932 
24680 11932 
11464 11436 
11600 11436 
11604 11436 
10840 11436 
11136 11436 
10876 11436 
10880 11436 
10684 11436 
8264 11436 
10804 11436 
10816 11436 
10772 11436 
11708 11436 
11760 11436 
11764 11436 
10172 11436 
11448 11436 
11784 11436 
11788 11436 
11848 11436 
11912 11436 
11816 11436 
1276 11436 
4312 11436 
19852 11436 
1928 11436 
11820 11772 
7724 11772 
12088 11772 
12092 11772 
12148 11772 
7300 11772 
11732 11824 
7140 11824 
7464 11824 
7520 11824 
7772 11824 
7696 11824 
23928 11824 
6688 11824 
6428 11824 
12452 12448 
12528 12448 
12536 12448 
12544 12448 
12548 12448 
13164 12448 
13168 12448 
13172 12448 
13176 12448 
6032 12448 
27540 12448 
3744 12448 
12404 12516 
4368 12516 
12372 12516 
12376 12516 
12300 12516 
12292 12516 
3904 12516 
3764 12516 
3616 12516 
3724 12516 
4156 12516 
10520 12516 
10508 12516 
10496 12516 
13892 12516 
13896 12516 
13900 12516 
13904 12516 
13936 12516 
13940 12516 
13968 12516 
13972 12516 
13976 12516 
13980 12516 
14008 12516 
14016 12516 
14024 12516 
14032 12516 
14084 12516 
15028 12516 
2884 12516 
3884 12516 
12748 12516 
12416 12500 
13648 12500 
13652 12500 
13672 12500 
13676 12500 
13680 12500 
13684 12500 
13688 12500 
13692 12500 
13632 12500 
13372 12500 
13376 12500 
13644 12500 
13596 12500 
13748 12500 
13640 12500 
13840 12500 
13768 12500 
13764 12500 
14068 12500 
14064 12500 
13884 12500 
14380 12500 
14384 12500 
14388 12500 
14392 12500 
14396 12500 
14400 12500 
14452 12500 
14464 12500 
14496 12500 
15748 12500 
15504 12500 
19740 12500 
13544 13540 
13588 13540 
13592 13540 
15204 13540 
3020 13540 
14004 14000 
14952 14000 
14956 14000 
14996 14000 
15000 14000 
15004 14000 
15008 14000 
15012 14000 
15016 14000 
15024 14000 
15040 14000 
15044 14000 
14148 14144 
15580 14144 
15584 14144 
15588 14144 
15608 14144 
15612 14144 
15620 14144 
15624 14144 
15628 14144 
15632 14144 
15808 14144 
15812 14144 
15816 14144 
16364 14144 
16368 14144 
11404 14144 
11392 14144 
11408 14144 
11400 14144 
13536 14144 
13556 14144 
13532 14144 
14128 14144 
15780 14144 
17136 14144 
8400 14144 
8244 14144 
8252 14144 
7640 14144 
17300 14144 
9288 14144 
2184 14144 
30088 14144 
27772 14144 
9124 14144 
18868 14144 
17504 14144 
14180 14176 
14108 14176 
14088 14176 
13636 14176 
13156 14176 
12496 14176 
12504 14176 
14052 14060 
14448 14060 
14484 14060 
14632 14060 
14640 14060 
14644 14060 
14648 14060 
14656 14060 
14660 14060 
14784 14060 
13628 14060 
32116 14060 
12368 10176 
14404 10176 
14408 10176 
14420 10176 
14432 10176 
14440 10176 
14788 10176 
13864 10176 
1500 10176 
14924 14920 
16792 14920 
16796 14920 
16800 14920 
16812 14920 
16820 14920 
16832 14920 
16576 14920 
12244 14920 
14444 14116 
14328 14116 
14324 14116 
13856 14116 
13860 14116 
13868 14116 
14304 14116 
14592 14116 
14584 14116 
12484 14116 
12432 14116 
7824 14116 
7884 14116 
6924 14116 
14932 14116 
17400 14116 
3868 14116 
16472 14116 
14140 14116 
13552 14116 
14588 14116 
12604 14116 
16596 14116 
16572 14116 
16552 14116 
9188 14116 
15068 14116 
17404 14116 
17716 14116 
17784 14116 
17896 14116 
15564 14116 
18180 14116 
14672 14116 
14756 14116 
14748 14116 
15548 14116 
16700 14116 
4408 14116 
14528 14116 
8740 14116 
24236 14116 
20112 14116 
24260 14116 
19420 14116 
28852 14116 
23124 14116 
33220 14116 
27464 14116 
15532 15544 
15104 15544 
17032 15544 
16996 15544 
17108 15544 
17148 15544 
17132 15544 
17124 15544 
17128 15544 
17144 15544 
17140 15544 
17116 15544 
12156 15544 
15436 15544 
16788 16784 
16456 16784 
16504 16784 
16532 16784 
16508 16784 
16592 16784 
16584 16784 
16548 16784 
16480 16784 
16440 16784 
16564 16784 
16452 16784 
16496 16784 
16444 16784 
13788 16784 
16840 16836 
16880 16836 
16888 16836 
16960 16836 
17016 16836 
17020 16836 
17024 16836 
17220 16836 
12324 16836 
7280 16836 
15984 16836 
32244 16836 
19296 16836 
16972 16968 
17076 16968 
17100 16968 
17160 16968 
17208 16968 
17212 16968 
17216 16968 
17224 16968 
17232 16968 
17236 16968 
17240 16968 
17244 16968 
17256 16968 
17260 16968 
17264 16968 
17268 16968 
17272 16968 
17276 16968 
17280 16968 
17316 16968 
17324 16968 
17328 16968 
17332 16968 
17336 16968 
17364 16968 
17372 16968 
17376 16968 
8584 16968 
31400 16968 
17476 16968 
8692 8696 
16628 8696 
16620 8696 
16484 8696 
15852 8696 
22336 8696 
30272 8696 
15084 17028 
17844 17028 
17852 17028 
17868 17028 
17876 17028 
17880 17028 
17888 17028 
14776 17028 
10632 17028 
17712 17708 
17800 17708 
17828 17708 
17924 17708 
17952 17708 
18004 17708 
18008 17708 
18016 17708 
18020 17708 
18028 17708 
18036 17708 
18040 17708 
18044 17708 
18048 17708 
18052 17708 
18056 17708 
18060 17708 
18064 17708 
18068 17708 
18072 17708 
18076 17708 
18080 17708 
18084 17708 
18088 17708 
18092 17708 
18096 17708 
18100 17708 
18104 17708 
18108 17708 
18112 17708 
18116 17708 
18120 17708 
18124 17708 
18128 17708 
18132 17708 
18136 17708 
18140 17708 
18152 17708 
18288 17708 
18292 17708 
18300 17708 
18320 17708 
18324 17708 
17972 17708 
11256 17708 
11244 17708 
17496 17708 
21040 17708 
23580 17708 
20536 17708 
17836 17832 
18264 17832 
18268 17832 
18260 17832 
18240 17832 
17908 17832 
15072 17832 
18296 17832 
16608 17832 
17444 17832 
17480 17832 
17460 17832 
8796 17832 
10552 17832 
9620 17832 
18148 18144 
16992 18144 
16980 18144 
16988 18144 
1924 18144 
18192 18188 
13584 18188 
18332 18328 
17500 18328 
17492 18328 
17488 18328 
17464 18328 
12812 18328 
17296 18328 
15160 18328 
15172 18328 
16976 18328 
15164 18328 
17412 18328 
17420 18328 
17428 18328 
17432 18328 
17436 18328 
17572 18328 
14796 18328 
17552 18328 
17568 18328 
17548 18328 
17544 18328 
17536 18328 
17540 18328 
17656 18328 
17584 18328 
17592 18328 
17620 18328 
17624 18328 
17628 18328 
17632 18328 
17636 18328 
17664 18328 
15644 18328 
17688 18328 
14476 18328 
17956 18328 
16900 18328 
6988 18328 
12336 18328 
33416 18328 
18404 18400 
14988 18400 
17524 18400 
17520 18400 
17508 18400 
17556 18400 
17528 18400 
17452 17448 
16920 17448 
33548 17448 
2852 17448 
26536 17448 
17660 6808 
15652 6808 
17724 6808 
17696 6808 
17680 6808 
17976 6808 
16396 6808 
15804 6808 
13876 6808 
13872 6808 
13820 6808 
17992 6808 
17960 6808 
17996 6808 
18000 6808 
14664 6808 
14480 6808 
2112 6808 
25052 6808 
17512 17516 
15648 17516 
15744 17516 
15088 17516 
8104 17516 
15168 17516 
15096 17516 
16872 17516 
17044 17516 
17736 17516 
17740 17516 
17732 17516 
14524 17516 
7900 17516 
21024 17516 
17600 17596 
17756 17596 
17748 17596 
17752 17596 
17744 17596 
17728 17596 
17692 17596 
2248 17596 
17672 17676 
17704 17676 
17564 17676 
17560 17676 
17848 17676 
11964 17676 
17720 17676 
17968 17676 
17980 17676 
17984 17676 
18024 17676 
18012 17676 
18032 17676 
14540 17676 
15768 17676 
14704 17676 
14804 17676 
14808 17676 
17392 17676 
6884 17676 
17396 17676 
14668 17676 
13464 17676 
12900 17676 
18184 17676 
4972 17676 
13604 17676 
5992 17676 
14688 17676 
6012 17676 
18168 18272 
16544 18272 
16524 18272 
17068 18272 
17064 18272 
17380 18272 
16204 18272 
12824 18272 
16272 18272 
16492 18272 
17012 18272 
17008 18272 
14248 18272 
14508 18272 
24148 18272 
17248 14780 
14264 16536 
1960 2008 
15320 2008 
15208 2008 
2316 2008 
2300 2008 
2312 2008 
2340 2008 
2592 2008 
2420 2008 
2656 2008 
2672 2008 
17648 2008 
27376 2008 
9472 2008 
29156 2008 
17900 7736 
16388 7736 
14684 7736 
29132 7736 
8624 7732 
14296 7776 
12524 7776 
24864 7776 
12640 13880 
12436 13880 
10844 11620 
27848 11620 
11672 11620 
28376 11620 
31732 11620 
18920 1040 
18816 1040 
5416 1040 
1456 1040 
8628 1040 
1420 1040 
3448 1040 
1340 1040 
4984 18200 
3392 18200 
29332 18200 
27280 18200 
11148 12804 
4196 12804 
5488 12804 
19028 12804 
6968 16764 
10244 16764 
2960 16764 
4108 16764 
20248 16764 
32808 16764 
9276 12140 
15992 12140 
7184 12140 
19508 12140 
30692 12140 
20108 12140 
6876 2776 
1740 2776 
14976 14832 
6484 14832 
15576 14832 
21352 21348 
21372 21348 
21376 21348 
27984 21348 
10892 14532 
1128 14532 
1224 14532 
26344 14532 
22392 22420 
22396 22420 
22492 22420 
22480 22420 
22464 22420 
22456 22420 
22376 22420 
22372 22420 
22452 22420 
21652 22420 
19492 22420 
20780 22420 
20776 22420 
20772 22420 
20876 22420 
21000 22420 
21808 22420 
21968 22420 
2612 22420 
21788 22420 
21680 22420 
22328 22420 
22388 22420 
22276 22420 
6016 22420 
14636 22420 
21780 22420 
21712 22420 
3088 22420 
21864 22420 
9292 22420 
2144 22420 
20892 22420 
22256 22420 
7340 22420 
18832 22420 
22920 22420 
17776 20880 
11116 20880 
21820 20880 
20364 20880 
27184 20880 
14800 20880 
26540 20880 
9072 20500 
8260 20500 
13380 20500 
9004 20500 
13560 20500 
15444 20500 
20688 20500 
22288 20500 
20792 20500 
21828 20500 
19872 20500 
1400 20500 
2504 20500 
5904 20500 
21404 20500 
9120 20500 
18384 20500 
22192 20500 
14652 20500 
6740 20500 
12596 20500 
2696 20500 
9456 20500 
12228 20500 
3224 20500 
23336 20500 
9744 20500 
10164 20500 
4740 20500 
16720 20500 
5528 20500 
19008 20500 
14868 20500 
9596 20500 
312 20500 
21852 20500 
9648 20500 
9828 20500 
23000 20500 
12704 20500 
2948 20500 
4056 20500 
15132 20500 
22308 20500 
14096 20500 
20912 20500 
16248 20500 
7856 20500 
15724 20500 
1664 20500 
21264 20500 
16540 20500 
19332 20500 
9272 20500 
15236 20500 
10340 20500 
16696 20500 
14100 20500 
15560 20500 
19988 20500 
3200 20500 
17304 20500 
22064 20500 
2976 20500 
19764 20500 
17104 20500 
15484 20500 
13324 20500 
11908 20500 
21756 20500 
17456 20500 
12572 20500 
21492 20500 
18688 20500 
22972 20500 
2932 20500 
21880 20500 
4868 20500 
18964 20500 
9152 20500 
8680 20500 
14872 20500 
8224 20500 
4920 20500 
13356 20500 
22088 20500 
10256 20500 
16864 20500 
22996 20500 
3000 20500 
16652 20500 
11320 20500 
2560 20500 
2264 20500 
21584 20500 
10144 20500 
376 20500 
7316 20500 
21896 20500 
21668 20500 
22760 20500 
352 20500 
20904 20500 
15872 20500 
9336 20500 
20424 20500 
18720 20500 
18572 20500 
18392 20500 
6028 20500 
23508 20500 
4248 20500 
22004 20500 
13152 20500 
9984 20500 
15392 20500 
11840 20500 
6676 20500 
15116 20500 
16772 20500 
12408 20500 
21164 20500 
15596 20500 
7440 20500 
18512 20500 
396 20500 
4292 20500 
8000 20500 
22836 20500 
10760 20500 
10672 20500 
6936 20500 
900 20500 
23288 20500 
22704 20500 
4804 20500 
9428 20500 
10148 20500 
23260 20500 
14556 20500 
9460 20500 
7380 20500 
11060 20500 
2080 20500 
15452 20500 
23364 20500 
360 20500 
16984 20500 
15636 20500 
18520 20500 
1524 20500 
1448 20500 
8500 20500 
23228 20500 
3044 20500 
15772 20500 
17860 20500 
22676 20500 
10152 20500 
4000 20500 
9096 20500 
10540 20500 
6384 20500 
5560 20500 
11176 20500 
14852 20500 
19024 20500 
6332 20500 
13920 20500 
21916 20500 
18652 20500 
8300 20500 
4260 20500 
12912 20500 
18848 20500 
19912 20500 
14120 20500 
20812 20500 
20648 20500 
23160 20500 
14112 20500 
22552 20500 
2164 20500 
7552 20500 
23488 20500 
22912 20500 
5360 20500 
22052 20500 
10276 20500 
23112 20500 
23376 20500 
1612 20500 
21332 20500 
8120 20500 
12328 20500 
20024 20500 
9768 20500 
13828 20500 
20972 20500 
17228 20500 
7836 20500 
10384 20500 
17416 20500 
22008 20500 
20012 20500 
2404 20500 
19236 20500 
12772 20500 
15836 20500 
16952 20500 
6760 20500 
1380 20500 
18740 20500 
22608 20500 
5348 20500 
17164 20500 
1944 20500 
23524 20500 
15336 20500 
4672 20500 
20824 20500 
7304 20500 
20604 20500 
22324 20500 
9308 20500 
4152 20500 
11472 20500 
5832 20500 
1796 20500 
12820 20500 
3076 20500 
9464 20500 
10328 20500 
15112 20500 
19204 20500 
12424 20500 
14360 20500 
7924 20500 
1476 20500 
14892 20500 
13028 20500 
21080 20500 
7600 20500 
7752 20500 
16168 20500 
19772 20500 
19836 20500 
21840 20500 
17048 20500 
4400 20500 
6200 20500 
21508 20500 
2540 20500 
10776 20500 
14356 20500 
20992 20500 
18996 20500 
9592 20500 
9128 20500 
21240 20500 
16000 20500 
20496 20500 
14020 20500 
23084 20500 
14284 20500 
20348 20500 
3560 20500 
11960 20500 
19816 20500 
6960 20500 
2432 20500 
16604 20500 
21716 20500 
14376 20500 
20868 20500 
18232 20500 
16104 20500 
21660 20500 
13196 20500 
15344 20500 
23408 20500 
16036 20500 
21868 20500 
22244 20500 
22436 20500 
15752 20500 
19528 20500 
16856 20500 
13032 20500 
19724 20500 
14012 20500 
13076 20500 
22432 20500 
2644 20500 
8508 20500 
11952 20500 
12776 20500 
4084 20500 
20092 20500 
23452 20500 
15280 20500 
7176 20500 
3712 20500 
20196 20500 
23088 20500 
11316 20500 
19152 20500 
15404 20500 
19100 20500 
4244 20500 
4144 20500 
16292 20500 
15416 20500 
11904 20500 
18224 20500 
18564 20500 
1784 20500 
13924 20500 
16624 20500 
18164 20500 
2244 20500 
8480 20500 
18284 20500 
14080 20500 
25540 20500 
26460 20500 
2216 20500 
6544 20500 
5068 20500 
3516 20500 
24196 20500 
15928 20500 
6424 20500 
2720 20500 
5116 20500 
25716 20500 
2880 20500 
26000 20500 
25044 20500 
22512 20500 
23532 20500 
26292 20500 
24492 20500 
16688 20500 
25524 20500 
3688 20500 
26288 20500 
26308 20500 
25964 20500 
21284 20500 
12084 20500 
24548 20500 
9184 20500 
20144 20500 
23748 20500 
26316 20500 
25660 20500 
19268 20500 
24212 20500 
24820 20500 
11768 20500 
23876 20500 
8084 20500 
8132 20500 
26524 20500 
18896 20500 
24780 20500 
20552 20500 
16644 20500 
15996 20500 
20308 20500 
14092 20500 
16528 20500 
24068 20500 
12936 20500 
8824 20500 
6072 20500 
25592 20500 
23852 20500 
21700 20500 
26148 20500 
13288 20500 
25376 20500 
24816 20500 
25132 20500 
15700 20500 
20360 20500 
2892 20500 
23908 20500 
23724 20500 
24556 20500 
11036 20500 
24108 20500 
10004 20500 
19784 20500 
25040 20500 
18204 20500 
8492 20500 
19592 20500 
2824 20500 
18312 20500 
14576 20500 
23888 20500 
24420 20500 
12868 20500 
16860 20500 
10420 20500 
22204 20500 
16008 20500 
25416 20500 
21224 20500 
23792 20500 
16776 20500 
22272 20500 
16340 20500 
20216 20500 
21424 20500 
3396 20500 
24272 20500 
21748 20500 
19148 20500 
22800 20500 
11608 20500 
21060 20500 
23688 20500 
26168 20500 
26240 20500 
18928 20500 
19800 20500 
25064 20500 
12116 20500 
13016 20500 
14908 20500 
9268 20500 
3056 20500 
1772 20500 
5388 20500 
16908 20500 
3652 20500 
26268 20500 
21308 20500 
21672 20500 
23644 20500 
14864 20500 
5028 20500 
13664 20500 
23836 20500 
21496 20500 
4372 20500 
21740 20500 
19676 20500 
26412 20500 
20572 20500 
7472 20500 
16256 20500 
3820 20500 
24056 20500 
24256 20500 
7740 20500 
3260 20500 
2680 20500 
22184 20500 
22764 20500 
23972 20500 
22584 20500 
18280 20500 
10728 20500 
15868 20500 
24380 20500 
23556 20500 
19728 20500 
22816 20500 
13272 20500 
12680 20500 
21684 20500 
26200 20500 
15380 20500 
25512 20500 
25456 20500 
25000 20500 
14204 20500 
11080 20500 
18444 20500 
8840 20500 
9172 20500 
18676 20500 
23608 20500 
13088 20500 
24648 20500 
23864 20500 
12836 20500 
24160 20500 
23684 20500 
25460 20500 
19916 20500 
10668 20500 
6448 20500 
8512 20500 
21972 20500 
16268 20500 
2064 20500 
1544 20500 
15880 20500 
4172 20500 
25628 20500 
9392 20500 
7376 20500 
21812 20500 
20860 20500 
3596 20500 
14192 20500 
12216 20500 
11728 20500 
12560 20500 
20320 20500 
16816 20500 
24888 20500 
11332 20500 
26300 20500 
6020 20500 
21176 20500 
1132 20500 
12552 20500 
21412 20500 
19184 20500 
9748 20500 
24692 20500 
26332 20500 
24672 20500 
8852 20500 
24684 20500 
8716 20500 
18416 20500 
19504 20500 
7528 20500 
2156 20500 
11112 20500 
20852 20500 
20676 20500 
24224 20500 
10132 20500 
368 20500 
26464 20500 
15604 20500 
22508 20500 
23800 20500 
14620 20500 
3896 20500 
26244 20500 
5140 20500 
24644 20500 
24152 20500 
24092 20500 
12716 20500 
24300 20500 
20884 20500 
17588 20500 
23848 20500 
1564 20500 
3092 20500 
24812 20500 
25740 20500 
25932 20500 
4420 20500 
12220 20500 
13208 20500 
12956 20500 
15300 20500 
13708 20500 
10168 20500 
8340 20500 
20556 20500 
7592 20500 
19768 20500 
25936 20500 
7420 20500 
25924 20500 
24504 20500 
10956 20500 
16336 20500 
23528 20500 
25632 20500 
18628 20500 
784 20500 
25796 20500 
2408 20500 
26312 20500 
1528 20500 
24076 20500 
17348 20500 
13848 20500 
6092 20500 
20616 20500 
12036 20500 
19364 20500 
22804 20500 
5332 20500 
21124 20500 
8820 20500 
7536 20500 
19944 20500 
16160 20500 
21464 20500 
24488 20500 
17700 20500 
10952 20500 
24500 20500 
24808 20500 
12872 20500 
6292 20500 
21156 20500 
9228 20500 
24388 20500 
16148 20500 
7768 20500 
11924 20500 
22144 20500 
13240 20500 
2328 20500 
20380 20500 
12204 20500 
20392 20500 
21140 20500 
24616 20500 
23028 20500 
21624 20500 
25300 20500 
3892 20500 
20028 20500 
8396 20500 
5888 20500 
2336 20500 
24128 20500 
13064 20500 
20440 20500 
19700 20500 
10444 20500 
12656 20500 
4220 20500 
23728 20500 
24892 20500 
22364 20500 
16064 20500 
24968 20500 
3432 20500 
24048 20500 
19292 20500 
25972 20500 
1788 20500 
25684 20500 
26036 20500 
17384 20500 
24628 20500 
2484 20500 
18700 20500 
17928 20500 
23472 20500 
10896 20500 
20420 20500 
22360 20500 
26284 20500 
7880 20500 
25952 20500 
12880 20500 
20588 20500 
12476 20500 
3308 20500 
7320 20500 
24480 20500 
19348 20500 
21580 20500 
1748 20500 
26532 20500 
25624 20500 
12632 20500 
4324 20500 
26484 20500 
25772 20500 
18344 20500 
24664 20500 
19340 20500 
21112 20500 
8632 20500 
19640 20500 
26576 20500 
7332 20500 
21536 20500 
16164 20500 
20936 20500 
3124 20500 
1220 20500 
17084 20500 
19680 20500 
18828 20500 
23808 20500 
24036 20500 
21180 20500 
3116 20500 
26612 20500 
20268 20500 
15512 20500 
16468 20500 
3668 20500 
5192 20500 
10016 20500 
13616 20500 
13452 20500 
20256 20500 
14276 20500 
14172 20500 
12736 20500 
21076 20500 
15924 20500 
14676 20500 
1480 20500 
20632 20500 
1936 20500 
26544 20500 
19704 20500 
8156 20500 
19620 20500 
4956 20500 
21304 20500 
9080 20500 
12488 20500 
6684 20500 
16752 20500 
20928 20500 
1108 20500 
16668 20500 
9140 20500 
5380 20500 
11132 20500 
12732 20500 
14056 20500 
21408 20500 
8556 20500 
13496 20500 
19996 20500 
6464 20500 
11232 20500 
19360 20500 
24140 20500 
17640 20500 
24328 20500 
23520 20500 
20476 20500 
24996 20500 
18560 20500 
14208 20500 
21908 20500 
24028 20500 
2844 20500 
11460 20500 
13796 20500 
20644 20500 
13368 20500 
2956 20500 
16512 20500 
20116 20500 
25464 20500 
21640 20500 
23368 20500 
19824 20500 
20456 20500 
24240 20500 
20328 20500 
22504 20500 
7364 20500 
24000 20500 
22688 20500 
24044 20500 
13824 20796 
20124 20796 
11724 20796 
22260 20796 
6480 20796 
20192 20796 
9700 20796 
20488 20796 
25468 20796 
16580 20796 
24972 20796 
20564 21872 
22136 21872 
15332 21872 
22208 21872 
7904 21872 
21588 21872 
10996 21872 
22560 21872 
22592 21872 
22596 21872 
22604 21872 
22616 21872 
22628 21872 
22640 21872 
22644 21872 
22656 21872 
22672 21872 
5476 21872 
22536 22532 
19068 22532 
7596 18316 
20444 18316 
20408 18316 
10984 18316 
9148 18316 
19336 20264 
852 20264 
18472 20264 
19052 20264 
19076 20264 
14768 20264 
7452 20264 
23204 20264 
23184 20264 
19644 20264 
22988 20264 
22796 20264 
17080 20264 
20596 20264 
20044 20264 
2348 20264 
14568 20264 
8384 20264 
19840 20264 
20872 20264 
20624 20264 
23400 20264 
16868 20264 
23252 20264 
23244 20264 
20612 20264 
5144 20264 
17944 20264 
5964 20264 
14436 20264 
18604 20264 
19464 20264 
15988 20264 
19432 20264 
2496 20264 
19980 20264 
19564 20264 
23080 20264 
15384 20264 
5364 20264 
18468 20264 
24848 20264 
15364 20264 
16416 20264 
29860 20264 
32620 20264 
18492 19036 
19404 19036 
19408 19036 
18772 19036 
8788 19036 
12508 19036 
17932 19036 
23128 20208 
10696 20208 
10664 20208 
7432 20208 
11876 20208 
9948 20208 
9252 20208 
5568 20208 
2512 20208 
11076 20208 
20468 20208 
5608 20208 
2684 20208 
2160 20208 
7612 20208 
19056 20208 
2636 20208 
100 20208 
12208 20208 
20316 20208 
8728 20208 
16640 20208 
11684 20208 
12120 20208 
13432 20208 
12168 20208 
15080 20208 
15020 20208 
12112 20208 
18208 20208 
14964 20208 
10796 20224 
20096 20224 
17916 20224 
12724 20224 
17760 20224 
2872 20224 
10676 20224 
11396 20224 
2804 20224 
4900 20224 
3196 20224 
5240 20224 
30780 20224 
14972 20224 
30372 20224 
18212 9212 
14300 9212 
5548 9212 
7932 9212 
20232 9212 
8864 9212 
5304 9212 
13192 9212 
3436 9212 
14736 1828 
10812 1828 
4332 1828 
12620 1828 
10392 1828 
22900 1828 
6532 1828 
14812 1828 
6476 1828 
2360 1828 
23512 1828 
10988 1828 
20352 1828 
7896 1828 
5692 1828 
5100 18408 
15764 18408 
2020 18408 
21560 18408 
9992 18408 
21572 18408 
21804 18408 
22924 18408 
23460 18408 
2372 18408 
23396 18408 
8068 18408 
10492 18408 
10524 18408 
11044 18408 
10484 18408 
11280 18408 
10528 18408 
10480 18408 
19272 18408 
9316 18408 
10292 18408 
23384 23340 
11220 23340 
23052 23340 
23032 23340 
22028 23340 
12340 23340 
22652 23340 
8860 23340 
12456 23340 
5868 23340 
14320 23340 
21636 23340 
8228 23340 
4060 23340 
3692 23340 
7848 23340 
20396 23340 
4428 23340 
11248 23340 
19976 23340 
15704 23340 
10232 23340 
1868 23340 
14604 23340 
23296 23340 
20204 23340 
3284 23340 
11868 23212 
2796 23212 
1148 23212 
3336 23212 
8988 23212 
4008 23212 
22232 23212 
22236 23212 
22248 23212 
11780 23212 
9896 23212 
12196 23212 
14552 23212 
2648 23212 
5124 23212 
10012 23212 
22172 23212 
21980 23212 
22188 23212 
3464 23212 
6488 23212 
21072 23212 
19600 23212 
13668 23212 
4964 23212 
12924 23212 
5436 23212 
9036 23212 
21208 23212 
23220 23212 
5660 21696 
18568 21696 
18704 21696 
17948 21696 
12032 21696 
8488 21696 
18864 21696 
18860 21696 
8536 21696 
4288 21696 
5076 21696 
4968 21696 
16612 21696 
8996 21696 
22300 21696 
15376 21696 
25344 21696 
1932 21696 
13724 21696 
3184 6472 
14260 6472 
19936 6472 
19932 6472 
15716 6472 
552 6472 
13056 6472 
13044 6472 
19888 19904 
11880 19904 
11340 19904 
19140 19904 
19744 19904 
1452 19904 
9820 19904 
3156 19904 
11236 19904 
22720 19904 
22684 19904 
21764 19904 
3456 19904 
5420 19904 
12064 19904 
18984 19904 
12124 19904 
7616 19904 
18696 19904 
2700 19904 
2012 19904 
5056 19904 
20276 19904 
18456 19904 
19892 19904 
7544 19904 
5540 19904 
14500 19904 
2628 19904 
18548 19904 
12232 19904 
7232 18484 
13572 18484 
4860 18484 
3860 18484 
2088 18484 
11720 18484 
3012 18484 
7532 18484 
6240 18484 
17580 18484 
11856 18484 
3444 18484 
10220 18484 
19632 18484 
10756 18484 
11208 18484 
11224 18484 
12320 18484 
7868 18484 
3660 18484 
12520 17484 
18636 17484 
11084 17484 
22948 17484 
18596 17484 
8060 17484 
11832 17484 
20068 17484 
5848 17484 
2060 17484 
9996 17484 
19104 17484 
19856 17484 
7064 17484 
20252 17484 
19532 17484 
15568 17484 
9884 17484 
6520 17484 
7276 17484 
8496 17484 
14696 17484 
3524 17484 
18388 17484 
17816 17484 
2664 17484 
432 17484 
10268 17484 
14876 17484 
5872 8604 
10272 8604 
20052 8604 
16916 8604 
2624 8604 
11420 8604 
10920 8604 
19500 8604 
2140 8604 
936 8604 
5292 8604 
5468 8604 
8072 8604 
2876 8604 
2860 8604 
12808 8604 
12576 8604 
13160 8604 
11756 8604 
3924 8604 
4832 8604 
2492 18452 
11888 18452 
9100 18452 
3772 18452 
2076 18452 
10548 18452 
19172 18452 
14312 18452 
14316 18452 
14332 18452 
13408 18452 
13392 18452 
13412 18452 
14164 18452 
13396 18452 
3940 18452 
12420 18452 
12356 18452 
12384 18452 
12400 18452 
12380 18452 
772 18452 
23256 2308 
18516 2308 
21084 2308 
18508 2308 
23092 2308 
16684 2308 
19048 2308 
18236 2308 
17856 2308 
18544 2308 
21236 2308 
18852 2308 
3368 2308 
23172 2308 
11352 2308 
13320 2308 
12480 2308 
13344 2308 
22296 2308 
19668 2308 
18800 2308 
3480 16676 
19280 16676 
23224 16676 
13336 16676 
3872 16676 
20148 16676 
18764 16676 
18760 16676 
23176 16676 
11172 16676 
5652 16676 
19488 16676 
1672 16676 
13260 16676 
9348 16676 
18496 16676 
21100 16676 
5604 16676 
10992 16676 
11024 16676 
16824 16676 
15140 14968 
17196 14968 
17200 14968 
13384 14968 
17004 14968 
16216 14968 
15920 14968 
16276 14968 
16220 14968 
14036 14968 
6908 14968 
16180 14968 
15372 14968 
22868 14968 
7648 14968 
22036 14968 
6900 14968 
22876 14968 
3216 14968 
9340 14968 
6964 14968 
17604 14968 
1304 14968 
16760 16756 
13732 16756 
13228 16756 
3424 16756 
13224 16756 
13696 16756 
18172 16756 
18228 16756 
8720 16756 
19780 16756 
18736 16756 
13268 16756 
888 16756 
18812 16756 
21940 16756 
21028 16756 
15900 16756 
6208 16756 
13292 16756 
25284 16756 
21932 23208 
21848 23208 
33264 23208 
30496 23208 
13364 19688 
18908 19688 
19696 19688 
20656 19688 
7892 19688 
21912 19688 
8092 19688 
21312 19688 
19248 19688 
21328 19688 
3816 19688 
21956 19688 
21948 10868 
17040 10868 
4100 10868 
12128 10868 
2032 11484 
5352 11484 
22128 11484 
20568 11484 
2320 11484 
4704 11484 
3564 11484 
19584 11484 
17764 11484 
14720 11484 
26492 11484 
27444 11484 
22104 22440 
1888 22440 
17812 22440 
7920 22440 
21340 22440 
15832 22440 
10408 22440 
17320 22440 
9156 22440 
12992 22440 
9736 22440 
18888 22440 
5836 22440 
19252 22440 
10260 22440 
21004 22440 
4844 22440 
22968 22440 
21548 22440 
16732 22440 
16956 22440 
23356 22440 
4864 22440 
2168 22440 
7124 22440 
9480 22440 
18916 22440 
15492 22440 
11152 22440 
12988 22440 
14772 22440 
18724 22440 
3232 22440 
15696 20000 
10872 20000 
21900 20000 
15820 20000 
19284 20000 
20820 20000 
13252 20000 
20460 20000 
4136 20000 
9956 20000 
13844 20000 
10424 20000 
15692 20000 
15356 20000 
4348 7244 
12184 7244 
2984 7244 
8328 7244 
9672 7244 
22708 7244 
21148 7244 
5616 7244 
13332 7244 
12212 20376 
14840 20376 
2780 20376 
15244 20376 
19544 20376 
14760 20376 
5636 20376 
4356 20376 
15136 20376 
1588 20376 
3900 20376 
4652 20376 
21472 20376 
20492 20376 
5264 20376 
7940 3768 
23484 3768 
6096 3768 
19652 3768 
21448 3768 
11616 3768 
3384 3768 
4232 3768 
776 3768 
16412 3768 
13500 3768 
10180 3768 
18632 3768 
21632 3768 
17768 3768 
23108 8768 
19848 8768 
2912 8768 
9564 8768 
17576 8768 
21656 8768 
15264 8768 
21036 8768 
23348 8768 
13140 8768 
17684 8768 
21048 8768 
9328 8768 
20748 8768 
5104 8768 
9144 8768 
4628 8768 
1912 8768 
20768 8768 
17312 8768 
22200 8768 
20220 20784 
19232 20784 
22728 20784 
17072 20784 
17808 20784 
6024 20784 
19956 20784 
5072 20784 
19376 20784 
23116 20784 
10068 20784 
7328 20784 
7680 20784 
17772 20784 
20464 20784 
12852 20784 
18836 20784 
4424 20784 
19016 20784 
23076 20784 
13180 5788 
17368 5788 
11496 5788 
15960 9756 
22960 9756 
1532 9756 
19320 9756 
24700 24696 
25084 24696 
25160 24696 
13360 1268 
24752 1268 
10112 1268 
25208 1268 
24452 23328 
24568 23328 
7744 23328 
25440 23328 
11660 23328 
24768 23328 
11260 23328 
18372 23328 
9904 23328 
3632 23328 
1688 23328 
25508 23328 
9900 23328 
25528 23328 
4192 23328 
9908 23328 
24188 23328 
26184 23328 
26360 23328 
6404 23328 
9048 23328 
15200 12648 
7840 12648 
19448 16728 
23616 16728 
2744 16728 
21216 16728 
5816 21228 
8116 21228 
14612 21228 
23832 21228 
26504 21228 
22612 21228 
10396 21228 
15308 21228 
26428 21228 
22060 21228 
9616 21228 
11348 21228 
5504 21228 
9052 21228 
23720 21228 
22828 21228 
18412 21228 
24688 21228 
19604 21228 
9988 21228 
22044 21228 
10184 21228 
18464 21228 
1908 21228 
19372 21228 
14072 21228 
25104 21228 
22768 4992 
14944 4992 
8872 4992 
22724 4992 
25500 4992 
11668 4992 
7700 4992 
10456 4992 
25356 4992 
25276 4992 
24732 4992 
25060 4992 
18892 4992 
19228 4992 
16716 4992 
3172 4992 
20620 4992 
20340 4992 
11468 4992 
13988 4992 
19748 4992 
23540 4992 
23716 4992 
23856 4992 
21704 4992 
26368 4992 
23764 4992 
24508 4992 
13548 4992 
20888 11680 
10848 11680 
23600 11680 
18420 11680 
25492 11680 
15472 11680 
22448 11680 
17180 11680 
15824 11680 
25484 11680 
13280 11680 
15312 11680 
3684 11680 
24116 11680 
10744 11680 
24632 11680 
26092 11680 
19220 11680 
25340 11680 
3604 11680 
21268 11680 
21844 11680 
25028 11680 
25360 11680 
10288 11680 
13612 11680 
7728 11680 
20104 11680 
13808 11680 
23872 11680 
19792 11680 
23672 11680 
24608 11680 
19756 11680 
17804 11680 
25752 11680 
26100 11680 
9208 11680 
21184 11680 
15520 11680 
2152 11680 
10708 11680 
5168 11680 
16928 20548 
15956 20548 
15152 20548 
7812 20548 
6920 20548 
5128 20548 
4280 20548 
25076 24096 
7148 24096 
25156 24096 
21628 24096 
26048 24096 
24716 24096 
5484 24096 
13236 24096 
25816 24096 
5800 24096 
5688 24096 
20344 24096 
15892 24096 
27688 24096 
27880 24096 
11956 20708 
22220 20708 
24776 20708 
13996 20708 
18500 20708 
2332 20708 
19444 20708 
26064 20708 
16040 20708 
3068 20708 
8712 20708 
24900 20708 
12960 20708 
21528 20708 
13484 20708 
19960 20708 
25444 20708 
16028 20708 
25364 25780 
11736 25780 
6252 25780 
8708 25780 
25652 25780 
9960 25780 
10400 25780 
19004 25780 
28084 25780 
5564 3728 
18584 3728 
28332 3728 
27192 3728 
12664 3728 
18824 3728 
29028 3728 
27448 3728 
29372 3728 
16108 3728 
28296 3728 
27204 3728 
2652 3728 
32464 3728 
31584 3728 
18752 3728 
24372 3728 
27040 3728 
24064 3728 
13888 3728 
28292 3728 
6692 3728 
19144 3728 
16352 3728 
20472 3728 
26088 3728 
27356 3728 
7504 3728 
29204 3728 
13068 5188 
15488 5188 
252 5188 
14040 5188 
26388 5188 
2748 5188 
30392 5188 
30124 5188 
28788 5188 
30704 5188 
11508 5188 
25536 5188 
3188 5188 
31556 5188 
24552 5188 
32456 5188 
12460 5188 
29788 5188 
13776 5188 
22744 5188 
780 5188 
27436 5188 
13760 5188 
20684 5188 
23576 5188 
29952 5188 
29968 5188 
12016 4380 
29884 4380 
27064 4380 
23680 4380 
27968 4380 
31840 4380 
9344 4380 
31300 4380 
32404 4380 
9876 4380 
23016 4380 
27876 4380 
7672 4380 
7876 4380 
16128 4380 
27560 4380 
31272 4380 
24024 4380 
23516 4380 
21920 4380 
10304 4380 
9060 4380 
31928 4380 
32572 21564 
11940 21564 
15756 21564 
25820 21564 
17176 21564 
7356 21564 
1916 21564 
31348 21564 
25248 21564 
32260 21564 
32436 21564 
31544 21564 
31796 21564 
30584 21564 
7916 21564 
26816 21564 
7784 21564 
28040 21564 
20916 21564 
29324 21564 
25980 21564 
32016 21564 
32716 21564 
29596 21564 
18304 21564 
24536 21564 
26144 21564 
31756 21564 
20996 11048 
32080 11048 
9304 11048 
17652 11048 
27928 11048 
20172 11048 
27908 11048 
31672 11048 
26908 11048 
25200 11048 
29140 11048 
32756 11048 
30460 11048 
16080 11048 
21052 11048 
15888 11048 
15720 11048 
16332 11048 
33056 11048 
29020 11048 
31600 11048 
28456 11048 
28668 11048 
176 11048 
16712 27096 
10188 27096 
19612 27096 
13984 27096 
7480 27096 
14580 27096 
22556 27096 
18656 27096 
27104 27096 
9368 27096 
30328 27096 
27248 27096 
24728 27096 
9800 27096 
30260 27096 
5232 27096 
29520 27096 
32000 27096 
28624 27096 
20956 27096 
32268 27096 
28884 27096 
30420 27096 
25020 27096 
5024 27096 
19240 27096 
14572 15316 
12976 15316 
25756 15316 
23700 15316 
30520 15316 
20752 15316 
32452 15316 
13340 15316 
28128 15316 
32440 15316 
27816 15316 
27872 15316 
26724 19868 
33468 19868 
7524 19868 
21752 19868 
27664 19868 
16316 19868 
3852 19868 
23436 14900 
9104 14900 
20932 14900 
1900 14900 
5320 14900 
30636 14900 
29648 14900 
4040 14900 
6548 14900 
31888 14900 
24428 14900 
21420 14900 
32616 14900 
29732 14900 
26020 14900 
28632 14900 
6504 14900 
16020 14900 
29212 14900 
31180 14900 
28132 14900 
4300 14900 
30816 14900 
12280 14900 
7048 14900 
25348 32984 
32860 32984 
29220 32984 
16500 32984 
3864 32984 
14344 32984 
7108 32984 
29136 32984 
28028 32984 
16516 32984 
27308 32984 
26744 32984 
26740 32984 
23380 32984 
24004 32984 
29012 31188 
15260 31188 
27572 31188 
30740 31144 
31352 31144 
2448 31144 
10192 31144 
32500 22500 
12940 22500 
12964 22500 
21108 22500 
6880 22500 
10212 22500 
27936 22500 
13816 22500 
26648 22500 
10296 22500 
13720 22500 
9008 22500 
896 22500 
3264 22500 
26136 22500 
17440 22500 
29728 22500 
7120 27684 
26788 27684 
7144 27684 
25384 27684 
22692 27684 
24724 27684 
32972 27684 
22408 27684 
27844 27684 
25392 27684 
4308 27684 
7872 27684 
29248 27684 
13148 27684 
1412 27684 
33196 27684 
25116 27684 
31712 27684 
33748 27684 
25876 27684 
31972 16232 
25552 16232 
5900 16232 
30508 16232 
22812 14888 
22176 14888 
23892 14888 
23828 14888 
2936 14888 
30796 14888 
33736 14888 
16896 14888 
27760 14888 
22264 14888 
21116 14888 
25088 14888 
28616 14888 
12916 14888 
30312 14888 
31156 14888 
30040 14888 
26672 14888 
29036 14888 
8764 14888 
6508 14888 
15616 14888 
26076 14888 
31548 14888 
27588 14888 
16892 14888 
22156 14888 
28056 14888 
23736 14888 
30988 14888 
25316 14888 
29480 14888 
3992 14888 
31100 14888 
31124 14888 
29856 14888 
28284 14888 
30752 14888 
24020 14888 
27652 14888 
31304 14888 
30968 14888 
15972 14888 
1392 14888 
30596 14888 
33000 14888 
29428 14888 
30756 14888 
4996 14888 
30772 14888 
29580 14888 
14764 14888 
15940 14888 
4184 14888 
15272 14888 
17668 14888 
7588 14888 
33604 14888 
30680 14888 
28324 14888 
24564 14888 
28620 14888 
27596 14888 
27680 14888 
11504 14888 
30128 14888 
25768 14888 
28744 14888 
28864 14888 
25900 14888 
8236 14888 
29092 14888 
16408 14888 
7928 14888 
26948 14888 
24952 14888 
17904 14888 
29704 14888 
27612 14888 
12096 14888 
14724 14888 
22056 30320 
26272 30320 
33172 30320 
21612 30320 
27384 30320 
32400 30320 
28660 30320 
27092 30320 
33652 30320 
30820 30320 
22904 30320 
15968 30320 
33764 30320 
12744 30320 
8360 30320 
19648 30320 
6204 30320 
29404 30320 
28224 30320 
24740 30320 
18980 30320 
28712 4180 
13852 4180 
3740 4180 
23544 4180 
22620 4180 
31364 4180 
31008 4180 
33060 4180 
31808 4180 
19308 4180 
10404 4180 
3268 4180 
32228 4180 
33544 4180 
24588 4180 
13480 4180 
25808 4180 
22568 4180 
416 4180 
10128 4180 
1644 4180 
8216 4180 
31412 4180 
4904 4180 
22068 4180 
1368 4180 
28844 4180 
10124 18912 
27428 18912 
30532 18912 
25292 18912 
28560 18912 
28644 18912 
33400 18912 
27136 18912 
3108 18912 
13020 18912 
24340 18912 
30436 18912 
30140 18912 
23708 18912 
26024 18912 
21172 18912 
19200 18912 
33396 18912 
28016 18912 
21192 18912 
7980 18912 
22956 18912 
10136 24604 
32540 24604 
6984 24604 
28012 24604 
32192 24604 
22000 24604 
13012 24604 
20652 24604 
32312 24604 
12028 24604 
6824 24604 
21976 24604 
29892 24604 
25884 24604 
14348 24604 
32324 24604 
5328 24604 
22160 24604 
16804 24604 
31940 24604 
27496 24604 
26232 24604 
3580 24604 
9684 24604 
28288 24604 
11440 7660 
29840 7660 
28552 7660 
33004 7660 
14960 7660 
28160 7660 
27168 7660 
26128 7660 
30760 7660 
25172 7660 
27884 7660 
2708 7660 
25224 7660 
19412 7660 
12464 11168 
25152 12844 
5108 12844 
29764 12844 
31992 12844 
7284 12844 
28684 12844 
10768 12844 
27480 12844 
11492 12844 
9832 12844 
30440 20448 
3212 20448 
30048 20448 
25516 20448 
19716 20448 
4240 20448 
15328 20448 
23768 20448 
3520 20448 
25680 20448 
13080 20448 
24216 20448 
32656 20448 
19440 20448 
32416 20448 
9680 31432 
28888 31432 
28592 31432 
10580 31432 
16112 31432 
12312 31432 
8856 31432 
11300 31432 
20740 31432 
18768 31432 
24348 31432 
28088 31432 
30456 31432 
32524 31432 
22460 31432 
31912 31432 
21720 31432 
25480 31432 
20416 31432 
20184 31432 
10976 31432 
26032 31432 
3720 31432 
27072 31432 
12160 31432 
21952 31432 
20584 31432 
31792 31432 
19020 31432 
27484 31432 
26704 31432 
24472 31432 
14752 31432 
28704 31432 
4216 31432 
17168 31432 
27660 31432 
25264 31432 
18884 31432 
26140 31432 
32060 31432 
23880 31432 
31000 31432 
3664 31432 
23120 7068 
27488 7068 
16132 7068 
22696 7068 
26636 7068 
14216 7068 
13232 7068 
428 7068 
16724 7068 
28608 7068 
31204 7068 
33216 7068 
3704 7068 
9408 7068 
5812 7068 
29188 7068 
10320 7068 
24292 7068 
20544 7068 
26616 7068 
24908 7068 
7748 7068 
5556 7068 
31224 7068 
14168 31480 
15844 31480 
7624 31480 
15232 31480 
30000 31480 
27888 31480 
19212 31480 
18216 31480 
31148 31480 
7804 30656 
33700 30656 
22788 30656 
22040 30656 
5384 30656 
11376 30656 
26260 30656 
24220 30656 
30144 30656 
12276 30656 
28596 30656 
2224 30656 
14184 30656 
28180 30656 
11304 30656 
9280 30656 
32364 30656 
28760 30656 
16288 30656 
1032 30656 
24324 30656 
10972 30656 
15932 30656 
28052 30656 
11664 30656 
23360 30656 
20636 30656 
5768 30656 
29448 30656 
29152 30656 
31228 30656 
22824 30656 
33564 30656 
15536 30656 
11872 30656 
7348 30656 
28912 25560 
21540 25560 
7344 25560 
32120 25560 
13792 25560 
29944 25560 
32388 25560 
12060 25560 
3656 25560 
33372 25560 
25432 25560 
21708 25560 
32240 25560 
20300 25560 
5252 25560 
7192 25560 
24916 25560 
20288 25560 
30044 25560 
20368 25560 
30832 25560 
30828 25560 
17292 25560 
24460 25560 
24404 25560 
24984 25560 
29992 25560 
22148 25560 
29740 25560 
13204 25560 
21248 25560 
14364 25560 
32024 25560 
18616 25560 
7912 25560 
25016 25560 
13916 25560 
23136 25560 
3620 25560 
8844 25560 
15672 25560 
29280 25560 
33496 25560 
26552 25560 
15740 25560 
2520 25560 
23416 25560 
33720 25560 
28352 25560 
24040 25560 
19812 21776 
30356 21776 
24932 21776 
32088 21776 
9764 21776 
23912 21776 
7908 21776 
13072 21776 
14732 21776 
27468 21776 
2016 21776 
21188 21776 
13248 21776 
9256 21776 
33420 21776 
32528 21776 
11128 21776 
24356 21776 
11588 21776 
26476 21776 
26940 21776 
28756 21776 
16932 21776 
26820 21776 
27812 9244 
27780 9244 
23816 9244 
19084 33184 
27536 33184 
15660 33184 
30152 33184 
31664 7392 
5820 7392 
7404 7392 
18588 7392 
23660 7392 
20160 7392 
5780 22084 
29608 22084 
25452 22084 
31056 22084 
19288 22084 
9624 22084 
31080 22084 
22636 22084 
23292 22084 
18976 22084 
17184 22084 
31112 22084 
18972 25236 
30788 25236 
26448 25236 
26220 25236 
1724 25236 
9412 25236 
25704 25236 
30252 25236 
24296 25236 
27036 25236 
12668 25236 
30092 25236 
16768 25236 
19908 25236 
24120 25236 
2988 25236 
6716 25236 
27584 25236 
19424 25236 
18532 25236 
30568 25236 
23628 25236 
16188 25236 
29940 25236 
24164 29084 
16940 29084 
14716 29084 
12968 29084 
1496 5040 
22100 5040 
31040 5040 
27904 5040 
30240 5040 
26912 5040 
15592 5040 
11896 5040 
8524 30656 
30340 30656 
6084 30656 
28316 30656 
28124 30656 
30428 30656 
18348 30656 
29652 30656 
29892 30656 
27384 30656 
30136 30656 
10768 30656 
30536 30656 
25116 30656 
28216 30656 
17036 30656 
18216 30656 
30364 30656 
26176 30656 
24072 30656 
26880 30656 
12896 30656 
10960 30656 
8472 30656 
28132 30656 
30844 30656 
30848 30656 
31444 30656 
31448 30656 
16196 30656 
30120 30656 
30884 30656 
30820 30656 
30876 30656 
30868 30656 
30892 30656 
30492 30656 
30896 30656 
28968 30656 
22156 30656 
30912 30656 
30904 30656 
30916 30656 
31128 30656 
31396 30656 
29780 30656 
31568 30656 
15784 30656 
30556 30656 
29200 30656 
29000 30656 
26432 30656 
25316 30656 
28300 30656 
8336 30656 
24612 30656 
28116 30656 
18640 30656 
12248 30656 
32384 30656 
6500 30656 
28896 30656 
16656 30656 
20300 30656 
15884 30656 
6716 29964 
28588 29964 
9512 29964 
27224 29964 
14428 29964 
10476 29964 
2068 29964 
27736 29964 
8444 29964 
11532 29964 
27424 29964 
30812 29964 
30816 29964 
11100 29964 
32256 29964 
28452 4876 
1032 4876 
8236 4876 
10076 4876 
5932 4876 
28888 4876 
18588 4876 
30724 4876 
30728 4876 
29216 4876 
30396 10932 
14596 10932 
29608 10932 
20288 10932 
22864 10932 
6336 10932 
30196 10932 
30828 10932 
30832 10932 
28188 10932 
27264 10932 
30716 10932 
24772 10932 
14624 26448 
27652 26448 
29300 26448 
19256 26448 
30252 26448 
8700 26448 
30740 26448 
30784 26448 
30788 26448 
30836 26448 
30840 26448 
30856 26448 
30860 26448 
31648 26448 
24880 26448 
16580 26448 
30924 30920 
30948 30920 
30952 30920 
30968 30920 
30972 30920 
31004 30920 
31040 30920 
31116 30920 
31156 30920 
31160 30920 
31304 30920 
31308 30920 
30524 30920 
14616 30920 
31124 31120 
31144 31120 
31148 31120 
31176 31120 
31180 31120 
31204 31120 
31244 31120 
31332 31120 
31336 31120 
31352 31120 
31356 31120 
31360 31120 
31364 31120 
31368 31120 
31372 31120 
1676 31120 
30444 31120 
31612 18424 
12684 27628 
31700 27628 
30676 27628 
1260 27628 
30708 27628 
11828 27628 
24248 27628 
9008 27628 
28428 20600 
31684 20600 
10948 20600 
29676 20600 
27836 20600 
32264 20600 
1412 20600 
30088 31728 
31736 31728 
26640 31728 
24020 31728 
29264 31728 
20532 31728 
26280 31728 
26364 31728 
29444 7368 
29552 7368 
31392 7368 
12316 7368 
29928 7368 
30908 7368 
28172 7368 
31848 7368 
31632 31596 
31496 31596 
31500 31596 
31852 31596 
31920 31596 
24564 31596 
25824 31596 
32764 32760 
29704 32760 
30692 32760 
26212 32760 
31012 32760 
31724 32760 
31636 32760 
24680 32760 
24040 32760 
23760 32760 
30624 32760 
11492 32760 
7916 32760 
28936 9452 
7888 9452 
25272 9452 
3952 9452 
1496 9452 
28908 9452 
11028 9452 
21644 9452 
29016 9452 
29808 9452 
27044 9452 
26984 9452 
9496 32536 
32332 32536 
32380 32536 
32420 32536 
32496 32536 
32520 32536 
18592 32536 
18480 32536 
19200 32536 
20832 32536 
7120 32536 
18336 32536 
24944 32536 
16072 32536 
24012 32536 
26276 32536 
24352 32536 
21032 32536 
9280 32536 
25068 32536 
23988 32536 
15032 32536 
10924 32536 
12028 32536 
15888 32536 
11552 32536 
17168 32536 
28304 32536 
20260 32536 
29360 32536 
17864 32536 
20128 32536 
24432 30468 
24532 30468 
27320 30468 
356 25124 
27028 25124 
5480 25124 
16964 25124 
29916 25124 
19968 25124 
5088 25124 
6576 29420 
28036 29420 
31212 29420 
29824 29420 
31268 29420 
19480 29420 
29784 29420 
32396 29420 
32640 29420 
8504 29420 
25260 29420 
2400 29420 
19020 29420 
20956 29420 
4728 29420 
26348 29420 
32052 29420 
19612 29420 
25548 29420 
32692 29420 
32416 29420 
29408 29420 
32128 29420 
15952 29420 
7860 29420 
30328 29420 
25008 29420 
21876 29420 
5464 29420 
13068 5188 
15488 5188 
252 5188 
14040 5188 
26388 5188 
2748 5188 
30392 5188 
30124 5188 
28788 5188 
30704 5188 
11508 5188 
25536 5188 
3188 5188 
31556 5188 
24552 5188 
32456 5188 
12460 5188 
29788 5188 
13776 5188 
22744 5188 
780 5188 
27436 5188 
13760 5188 
20684 5188 
23576 5188 
29952 5188 
29968 5188 
12016 4380 
29884 4380 
27064 4380 
23680 4380 
27968 4380 
31840 4380 
9344 4380 
31300 4380 
32404 4380 
9876 4380 
23016 4380 
27876 4380 
7672 4380 
7876 4380 
16128 4380 
27560 4380 
31272 4380 
24024 4380 
23516 4380 
21920 4380 
10304 4380 
9060 4380 
31928 4380 
32572 21564 
11940 21564 
15756 21564 
25820 21564 
17176 21564 
7356 21564 
1916 21564 
31348 21564 
25248 21564 
32260 21564 
32436 21564 
31544 21564 
14308 17644 
27088 17644 
29984 17644 
28440 17644 
27200 17644 
15940 17644 
23044 17644 
26500 27468 
4104 27468 
28608 27468 
15212 27468 
25488 27468 
27508 27468 
12708 27468 
25312 27468 
5912 27468 
9192 31132 
31988 31132 
32008 31132 
15864 31132 
31604 28688 
24296 28688 
30268 28688 
19820 25568 
1984 25568 
30220 25568 
18840 25568 
26784 25568 
30804 25568 
28932 25568 
584 25568 
31432 25568 
18904 25568 
20996 25568 
11048 25568 
15256 25568 
25636 25568 
13000 25568 
10864 25568 
18356 13256 
26704 13256 
29648 13256 
31672 13256 
5328 13256 
32716 13256 
31956 13256 
29668 13256 
21576 13256 
27492 24652 
31784 24652 
9812 24652 
26820 24652 
21720 7852 
29380 7852 
26040 7852 
29392 7852 
22556 7852 
12788 7852 
4440 7852 
24184 7852 
14940 7852 
9432 7852 
26884 7852 
22908 7852 
21360 31908 
7976 31908 
16024 32548 
26444 32548 
9324 32548 
27220 32548 
27936 32548 
5784 32548 
32484 17824 
32252 17824 
29600 17824 
8676 17824 
21396 13984 
28032 13984 
31780 13984 
27184 13984 
30440 13984 
27724 13984 
12792 29096 
14560 29096 
11292 29096 
5024 29096 
29576 29096 
14104 29096 
20164 29096 
13608 29096 
14860 29096 
9488 29096 
29748 29096 
8032 29096 
27252 25096 
30076 25096 
31904 25096 
16124 25096 
28348 25096 
27516 25096 
29324 25096 
24008 25096 
32624 25096 
25412 25096 
29240 25096 
29992 25096 
9088 25096 
2236 25096 
9256 25096 
32656 25096 
26648 25096 
16448 25096 
31428 25096 
28564 25096 
24516 25096 
27912 25096 
14216 25096 
10652 25096 
28496 25096 
8204 25096 
27600 25096 
10792 25096 
2772 25096 
14712 25096 
32724 24760 
20312 24760 
27124 24760 
29572 24760 
22164 27956 
29172 27956 
2056 27956 
31440 27956 
27392 10096 
31976 10096 
19596 10096 
29680 10096 
14980 10096 
27464 10096 
9980 9936 
5988 9936 
31628 9936 
14928 9936 
17308 9936 
6932 9936 
22904 9936 
25384 9936 
26752 9936 
27276 9936 
18504 9936 
25120 9936 
28404 22132 
30516 22132 
32016 22132 
30280 22132 
852 
23652 7852 
26884 7852 
29580 7852 
27860 7852 
22908 7852 
21360 31908 
404 31908 
7976 31908 
4896 28744 
27128 28744 
21960 28744 
28472 28744 
9684 31136 
15936 31136 
31708 31136 
20964 31136 
28768 31136 
30928 31136 
13504 19908 
23568 19908 
13600 19908 
13340 19908 
30644 19908 
10656 19908 
4808 19908 
13072 19908 
17292 19908 
3264 19908 
29128 19908 
13912 19908 
27120 15672 
31580 15672 
27528 15672 
31704 15672 
21540 15672 
6404 15672 
7908 15672 
30352 15672 
29228 15672 
15948 15672 
1744 15672 
29076 15672 
29588 15672 
25732 15672 
8476 15672 
28676 15672 
24536 15672 
3208 15672 
18160 15672 
11000 15672 
11512 15672 
32212 15672 
4080 15672 
10300 15672 
16024 32548 
26384 32548 
26444 32548 
9324 32548 
27220 32548 
26740 32548 
27936 32548 
5784 32548 
14980 9936 
29680 9936 
19596 9936 
31976 9936 
 28940 
25728 28940 
10792 28940 
29388 28940 
32460 28940 
9980 16236 
16636 16236 
10652 16236 
25020 16236 
27400 24148 
30524 24148 
14712 24148 
31192 24148 
9060 24148 
28624 24148 
23912 24148 
22072 24148 
12904 26256 
400 26256 
1104 26256 
17892 26256 
7356 26256 
24384 26256 
25172 26256 
8112 26256 
32200 26256 
9540 26256 
23736 26256 
12688 26256 
26684 26256 
25252 26256 
18160 26256 
20584 26256 
24408 26256 
1812 26256 
3244 26256 
22160 26256 
30412 26256 
1984 26256 
